50 30 200 4000
30.23 120.105 992.448
154.316 133.097 1061.82
57.688 160.154 972.775
18.169 149.195 1060.82
143.022 135.169 1036.57
171.61 187.38 1032.84
128.388 70.936 982.735
148.706 165.702 932.696
129.124 185.412 985.022
125.029 51.462 1004.05
18.315 26.352 1043.52
67.186 163.637 964.628
92.3 164.24 1023.84
57.77 57.464 947.431
18.961 185.248 1004.61
133.894 62.163 973.105
123.848 43.003 947.45
55.674 128.643 976.307
31.629 46.948 1040.81
26.402 60.527 988.292
127.061 121.249 1007.4
11.639 76.112 966.158
5.759 15.325 973.456
50.428 118.696 1012.38
158.841 71.223 925.345
40.135 139.52 982.766
198.707 137.508 1063.56
49.186 195.983 988.083
190.959 157.909 1024.79
52.962 147.732 1050.73
22.786 52.575 1001.32
28.379 73.923 1009.31
189.924 155.098 966.451
107.116 14.943 1030.13
155.999 89.999 1012.57
180.45 119.933 962.949
15.165 83.583 1020.34
67.992 178.972 874.709
49.587 135.903 956.312
58.59 36.049 970.299
171.793 28.029 1110.75
52.981 188.638 964.866
180.874 114.952 1040.19
134.924 109.902 1002.03
173.951 15.85 1039.68
173.309 22.304 1047.27
149.548 98.621 1019.42
68.626 5.87 1012.09
38.614 95.297 1040.47
92.754 64.974 989.127
0 10.566 10155.3
86.69 0 10065.6
200 2.258 10637.1
84.397 200 10410.4
0 111.763 9190.47
46.17 0 10266.2
200 160.455 9901.08
69.339 200 10376.7
0 180.295 10124.3
168.074 0 10692.9
200 143.321 9837.14
133.507 200 9983.52
0 40.946 9569.16
182.738 0 10700.4
200 18.17 9746.69
55.877 200 9087.3
0 31.138 10703.5
37.827 0 10555.4
200 104.262 9979.08
190.789 200 9969.54
0 49.226 9741
139.964 0 10149.5
200 106.391 9436.09
121.362 200 10936.5
0 166.981 10002.5
146.253 0 9519.25
200 22.796 9692.48
68.699 200 9935.17
0 131.389 8793.02
2.764 0 9608.7
200 49.844 10718.9
165.247 200 10605.9
0 76.962 10752.9
124.217 0 9735.44
200 91.245 11018.1
97.536 200 9822.42
0 172.597 10386.5
6.158 0 10489.2
200 194.809 9429.92
155.615 200 10230.9
0 97.308 10359.9
85.014 0 10500.9
200 144.165 9877.89
103.469 200 9916.74
0 180.322 9816.27
66.529 0 10577.8
200 147.87 10167.1
20.688 200 9897.57
0 196.613 9378.74
152.381 0 9511.41
200 62.92 10037.7
151.273 200 9633.17
0 114.202 9562.65
10.215 0 9504.96
200 82.089 10083.8
59.795 200 10136.3
0 31.313 10047.4
70.765 0 10166.5
200 147.43 10071.2
52.013 200 9824.91
0 42.572 8783.8
198.795 0 9384.24
200 190.659 10025.9
70.56 200 10222.1
0 63.096 9833.27
127.722 0 9632.73
200 11.381 9563.48
131.779 200 10066.1
0 125.413 9696.18
30.619 0 11016.2
200 124.03 9530.55
168.265 200 10005.2
0 187.004 10615.4
125.167 0 9976.51
200 12.628 9346.62
59.454 200 9258.45
0 2.436 8990.55
135.532 0 10332.6
200 88.225 9544.58
189.027 200 10314.6
0 172.35 9410.12
19.782 0 9595.26
200 125.239 9581.35
144.414 200 9606.65
0 63.541 9490.09
144.921 0 9922.27
200 196.598 10639
117.571 200 9783.03
0 82.983 10057
180.984 0 10235.4
200 1.891 9777.92
16.894 200 10110.4
0 11.629 9981.36
144.752 0 10010.4
200 159.801 9054.17
96.912 200 9816.87
0 6.68 10145.1
78.294 0 10078.6
200 72.595 9329.55
1.111 200 10554.3
0 86.64 9343.61
113.972 0 10069.6
200 125.518 9896.36
123.021 200 10122.3
0 171.719 9873.58
116.304 0 10710
200 97.187 9449.28
38.87 200 9924.32
0 135.558 9198.42
82.478 0 9926.75
200 37.088 9671.9
88.08 200 10284.8
0 19.178 9437.31
112.623 0 9502.2
200 15.468 10721.3
120.114 200 10056.8
0 22.329 9994.26
125.864 0 9697.49
200 74.772 9646.23
141.96 200 10471.8
0 128.159 9453.68
143.357 0 9635.6
200 139.674 10067.3
29.937 200 10683
0 120.488 9470.13
117.963 0 10363.1
200 85.065 9614.24
106.765 200 9812.47
0 118.516 9327.38
98.321 0 9952.63
200 178.558 11172.2
89.062 200 10229.1
0 124.188 9231.93
80.261 0 10996.2
200 146.106 9724.67
20.544 200 9755.17
0 135.385 10344.8
185.308 0 9703.44
200 141.753 9435
102.268 200 10576.1
0 74.851 10623
57.966 0 10474.4
200 35.804 10283
21.349 200 9028.99
0 100.953 9920.79
134.051 0 10911.9
200 190.254 10923
165.067 200 10008.1
0 112.079 10156.7
197.639 0 10292
200 194.094 9483.4
85.275 200 10131.5
0 52.204 10611
167.845 0 9484.07
200 194.579 10683.4
71.921 200 10412.5
0 2.241 10636.6
40.15 0 10312.5
200 161.353 10375.2
179.67 200 10658.7
0 43.856 9413.99
82.995 0 10179.9
200 47.192 10880.7
165.93 200 10665.6
0 77.396 9639.57
156.27 0 10502.3
200 49.954 10105.2
175.447 200 10122.7
0 123.429 8980.28
8.275 0 9328.09
200 78.3 10374.6
175.672 200 10049.1
0 168.752 10442.9
79.662 0 10566.6
200 161.959 9497.18
29.43 200 10500.8
0 24.193 10067.4
22.112 0 11055.3
200 50.471 10517.3
112.389 200 9171.86
0 0.962 10020.4
130.388 0 9483.73
200 33.273 10700.2
40.806 200 9936.83
0 87.436 9529.89
113.007 0 9595.59
200 161.137 10004.2
125.592 200 9126.12
0 94.872 10577.1
46.199 0 9392.71
200 86.009 9539.99
24.79 200 10265.8
0 19.87 10651.3
156.843 0 10495.9
200 189.186 10492.7
9.899 200 10376.4
0 143.472 9936.43
70.722 0 10092.7
200 173.611 10396.6
166.408 200 9804.65
