30.314 120.189 -0.000 -0.000 992.448
154.355 133.136 -0.000 -0.000 1061.820
57.681 160.147 -0.000 -0.000 972.775
18.291 149.317 -0.000 -0.000 1060.816
143.044 135.191 0.000 0.000 1036.570
171.546 187.316 0.000 0.000 1032.843
128.394 70.942 -0.000 -0.000 982.735
148.712 165.708 0.000 0.000 932.696
129.046 185.334 0.000 0.000 985.022
125.018 51.451 -0.000 -0.000 1004.048
18.448 26.485 -0.000 -0.000 1043.524
67.185 163.636 -0.000 -0.000 964.628
92.289 164.229 0.000 0.000 1023.840
57.797 57.491 0.000 0.000 947.431
18.958 185.245 0.000 0.000 1004.613
133.903 62.172 0.000 0.000 973.105
123.830 42.985 -0.000 -0.000 947.450
55.690 128.659 -0.000 -0.000 976.307
31.693 47.012 0.000 0.000 1040.807
26.472 60.597 0.000 0.000 988.292
127.077 121.265 -0.000 -0.000 1007.399
11.859 76.332 0.000 0.000 966.158
6.359 15.925 0.001 0.001 973.456
50.465 118.733 -0.000 -0.000 1012.382
158.883 71.265 0.000 0.000 925.345
40.178 139.563 0.000 0.000 982.766
198.656 139.507 0.000 0.000 1063.555
48.869 195.666 0.000 0.000 988.083
191.311 158.261 -0.000 -0.000 1024.791
52.974 147.744 0.000 0.000 1050.728
22.894 52.683 0.000 0.000 1001.315
28.459 74.003 0.000 0.000 1009.313
190.286 155.460 -0.000 -0.000 966.451
107.034 14.861 -0.000 -0.000 1030.135
156.032 90.032 -0.000 -0.000 1012.568
180.566 120.049 -0.000 -0.000 962.949
15.358 83.776 0.000 0.000 1020.343
67.975 178.955 -0.000 -0.000 874.709
49.613 135.929 0.000 0.000 956.312
58.609 36.068 0.000 0.000 970.299
171.817 28.053 -0.000 -0.000 1110.754
52.946 188.603 -0.000 -0.000 964.866
180.992 115.070 -0.000 -0.000 1040.186
134.944 109.922 -0.000 -0.000 1002.031
173.954 15.853 0.000 0.000 1039.680
173.353 22.348 0.000 0.000 1047.273
149.579 98.652 -0.000 -0.000 1019.420
68.687 5.931 0.000 0.000 1012.094
38.671 95.354 0.000 0.000 1040.472
92.756 64.976 -0.010 -0.010 989.127
