250 200 250 2000
15.115 60.052 1010.4
77.158 166.548 1018.96
28.844 80.077 1080.85
109.084 174.597 954.582
171.511 167.584 929.306
185.805 93.69 919.177
164.194 135.468 1014.87
74.353 82.851 971.943
164.562 92.706 961.704
9.157 13.176 980.671
190.673 93.157 908.315
126.976 178.329 999.213
33.593 81.818 1021.31
17.367 164.799 1011.98
28.885 128.732 1026.58
4.255 157.846 1002.72
166.947 131.081 966.764
192.047 117.06 983.879
94.992 15.845 1058.63
35.259 117.305 1000.5
127.837 164.321 976.143
13.201 30.263 1093.07
163.53 60.624 1071.2
5.819 38.056 1007.99
102.879 107.662 941.27
172.721 100.133 1001.24
69.399 8.412 927.026
79.42 135.611 1045.26
43.747 122.913 916.115
99.353 168.754 1055.67
143.934 182.35 998.586
95.479 78.954 946.922
82.659 165.961 1046.35
11.393 26.287 1016.62
99.072 56.933 996.398
177.263 19.647 1015.23
53.558 7.471 1074.7
9.37 63.783 963.48
90.225 59.966 1051.45
133.996 89.486 1040.03
24.793 167.951 962.704
28.734 18.719 873.433
129.295 18.024 963.378
146.081 62.354 993.993
126.49 94.319 911.091
152.147 92.471 980.006
67.462 54.951 1071.29
176.165 171.962 882.84
86.654 111.152 982.111
195.565 195.764 1026.39
75.083 90.278 989.269
139.116 90.51 983.459
146.377 132.487 1060.6
94.768 43.345 1004.65
101.129 65.248 1020.11
55.881 157.555 1035.11
127.023 123.085 955.186
190.147 100.639 1026.81
33.48 179.98 970.891
71.66 145.098 918.634
101.569 166.753 916.901
136.676 191.369 1060.03
9.085 130.356 1042.6
115.569 163.874 1067.92
67.575 118.913 1017.09
109.567 8.843 1077.35
121.726 195.394 925.772
110.398 69.982 1067.3
153.195 62.966 949.421
183.49 106.707 1054.27
2.757 110.318 1028.93
11.398 40.655 980.3
5.676 134.349 974.171
140.491 1.382 1031.96
24.922 189.934 984.158
138.481 141.232 1059.98
174.951 62.108 1000.93
66.312 147.047 921.957
66.926 48.768 991.246
171.014 103.079 1032.28
197.404 62.859 967.115
69.945 142.507 1071.93
72.082 22.441 1078.8
90.161 182.991 1014.59
139.509 33.264 954.792
91.022 110.344 984.319
98.306 116.441 936.366
28.956 176.19 996.787
31.46 106.585 1021.53
57.101 25.778 1015.5
128.601 105.107 981.116
75.532 129.897 1091.32
15.656 17.829 1056.96
173.715 105.309 940.906
168.175 26.006 980.733
197.065 184.509 1004.37
111.407 146.478 913.142
55.516 35.28 853.039
31.548 11.307 1018.55
5.69 156.163 980.377
9.319 165.889 1021.6
100.109 165.551 1059.91
45.35 15.309 1029.86
9.892 184.132 1036.7
193.502 148.694 912.562
6.314 135.874 963.062
137.554 129.727 910.775
134.653 167.766 1004.75
144.112 170.918 996.822
186.175 33.043 953.495
125.286 109.891 961.975
23.802 72.207 980.95
131.77 44.225 991.419
198.299 139.805 972.618
180.024 58.785 888.927
107.899 8.447 1003.61
5.814 174.376 1056.3
179.9 188.552 1004.96
95.523 146.242 977.249
103.34 73.166 969.366
192.788 139.147 1047.47
31.92 100.555 1026.53
43.32 53.412 919.246
62.759 87.179 1033.49
118.496 161.51 902.861
144.789 158.152 933.758
148.593 145.002 955.686
167.779 147.619 1007.5
23.951 141.239 914.115
18.734 144.04 1069.66
9.589 188.28 932.687
7.734 152.323 1044.22
79.53 160.057 980.627
149.133 62.932 1002.26
137.386 78.253 932.899
64.079 31.974 1066.63
122.975 71.678 945.983
53.06 114.968 913.934
160.244 95.954 999.908
111.443 198.081 966.072
13.907 68.709 1063.22
142.532 79.553 1024.33
99.758 131.813 995.439
59.258 47.77 991.448
18.345 149.16 948.235
62.094 158.136 964.337
143.726 140.13 959.777
17.378 10.272 986.281
167.692 23.486 979.565
31.744 151.134 1046.15
37.425 166.406 951.961
117.902 32.74 980.753
155.029 10.674 1029.78
148.127 67.025 1021.01
95.127 150.188 988.574
89.261 189.474 1074.46
71.183 198.819 905.591
113.532 42.637 993.152
26.102 18.869 937.679
170.153 183.922 1007.21
197.289 168.02 899.634
172.635 135.96 994.193
1.12 63.324 1011.99
180.676 174.454 1046.08
163.931 189.835 1007.47
17.174 141.497 990.296
23.596 158.911 982.275
38.698 177.718 1064.29
30.111 78.135 1032.42
61.714 43.807 993.24
140.602 4.137 945.683
192.98 87.836 1047.93
184.376 73.486 945.016
80.979 171.323 971.084
128.59 114.715 1061.79
51.041 11.056 1011.27
25.235 133.654 968.05
100.481 11.744 1043.91
51.511 165.194 1078.41
180.376 20.403 1027.6
43.718 27.802 1014.15
80.568 126.702 981.012
150.111 62.796 969.184
167.072 23.099 976.167
43.004 168.862 967.011
9.935 165.496 1006.53
70.352 178.421 891.837
77.051 104.949 980.064
71.736 195.399 954.351
122.081 135.361 889.997
186.805 31.828 901.977
104.934 125.596 923.492
2.176 199.571 999.99
129.872 76.292 996.54
86.233 40.128 972.96
84.456 0.878 974.116
119.552 148.921 1057.2
83.718 21.899 990.353
83.523 38.204 1014.69
53.692 111.309 1001.04
102.027 58.682 955.659
117.166 175.429 1042.6
110.139 172.543 956.521
0.788 165.191 990.769
53.903 12.708 981.679
113.05 0.184 1019.8
129.807 46.769 971.391
180.133 68.578 1001.12
113.804 50.785 918.118
29.068 29.842 969.606
113.465 181.093 1033.76
149.08 57.542 1050.83
42.306 66.277 1025.76
144.083 96.515 1001.37
52.886 6.002 1096.01
190.801 4.466 987.293
120.932 130.142 954.004
138.66 133.086 1077.36
182.536 154.414 990.485
129.77 52.246 1073.04
78.567 95.533 1016.72
60.737 109.441 1045.37
192.881 186.953 951.023
18.515 140.106 959.675
165.308 29.83 974.025
197.747 16.092 962.939
140.684 160.494 993.253
162.604 134.737 990.348
183.47 170.599 1013.71
22.525 191.583 1026.24
120.034 13.403 1044.4
50.578 138.33 951.224
92.969 79.685 1054.09
27.955 130.537 1010.56
60.107 150.301 948.601
48.809 87.387 903.868
45.601 65.739 1007.46
182.347 156.16 1006.07
25.132 4.321 907.894
44.156 198.557 980.267
78.954 116.029 925.738
187.252 144.281 1055.36
190.028 66.451 970.53
48.76 83.652 1054.53
135.525 174.8 1030.27
191.391 193.623 984.278
159.36 25.873 1025.23
173.942 82.948 903.15
90.874 131.002 1042.53
197.443 146.052 1075.48
0 61.062 9450.67
153.254 0 10318.7
200 41.715 10833.3
113.554 200 9188.14
0 79.579 11460.3
70.924 0 9991.13
200 157.342 10072
121.56 200 10369.3
0 96.049 10037
173.146 0 9940.19
200 43.507 9937.91
153.193 200 9871.9
0 76.058 9739.39
123.989 0 9669.25
200 68.398 10555.8
182.051 200 9492.42
0 101.905 9162.11
59.64 0 9969.59
200 60.18 9380.24
97.71 200 9548.16
0 134.066 10197.1
48.619 0 9830.32
200 73.897 9780.01
98.306 200 10415.9
0 125.48 10786
84.165 0 10267.6
200 74.992 10439.6
39.619 200 10293.5
0 88.018 9080.95
24.656 0 9437.55
200 168.791 10416.6
62.456 200 10341.3
0 61.222 9936.56
10.291 0 11085.1
200 27.912 9975.79
91.601 200 10123.3
0 119.463 9678.14
103.487 0 9846.59
200 48.941 10898.3
96.553 200 10551.5
0 13.138 10146.4
49.33 0 9516.56
200 186.065 9228.04
78.866 200 9345.15
0 63.779 9413.49
76.134 0 9406.41
200 24.532 10467.2
168.84 200 9720.75
0 156.024 9850.19
81.475 0 9814.53
200 195.143 10402.4
82.807 200 9708.49
0 102.003 10299.2
185.162 0 9336.56
200 71.584 9342.21
171.749 200 9800.7
0 60.516 9918.32
22.916 0 10397.5
200 170.466 10234.2
135.703 200 9539.01
0 185.328 10323.1
172.073 0 9559.72
200 80.858 10682.3
133.181 200 9400.76
0 97.467 10017.6
84.849 0 10144.1
200 185.618 9843.61
190.759 200 9328.4
0 178.864 9436.5
80.522 0 9595.89
200 138.085 9695.22
93.83 200 11111.1
0 134.483 11458.2
191.251 0 10481.2
200 136.973 10308.1
105.874 200 9823.05
0 132.051 10099.4
25.365 0 10417.2
200 132.727 10122.2
130.799 200 10533.4
0 98.508 10683.4
63.916 0 10248.1
200 84.871 9565.29
131.078 200 10005.4
0 148.458 9221.59
132.447 0 9055.63
200 136.928 9782.74
10.038 200 9849.19
0 43.565 9964.87
37.62 0 10342
200 148.436 11095.3
172.261 200 10044.7
0 184.242 10368.7
197.491 0 10082.5
200 195.776 10290.1
130.207 200 9860.4
0 110.037 9349.79
75.511 0 9653.51
200 182.815 9779.07
13.227 200 9632.55
0 67.858 9646.53
36.858 0 9966.3
200 55.406 10075.5
154.181 200 9574.19
0 140.27 9968.12
93.725 0 9726.34
200 22.191 9689.29
127.722 200 10629
0 179.262 9183.55
142.815 0 10781.8
200 56.139 10901.2
95.122 200 8652.59
0 4.414 10480.4
44.413 0 9840.9
200 94.761 10196.4
75.076 200 10290.2
0 24.469 9361.35
69.876 0 10004.4
200 69.931 9869.39
129.554 200 10777.8
0 195.074 10217.4
22.075 0 9250.1
200 101.094 9432.19
124.407 200 9731.54
0 50.668 10380.6
118.171 0 9929.46
200 149.112 10168.6
112.971 200 9786.65
0 78.996 10123.6
192.53 0 10919.9
200 150.956 10051.3
158.634 200 10912.9
0 4.848 9555.64
160.938 0 9329.22
200 94.876 9003.93
74.6 200 9886.49
0 116.955 9021.94
193.983 0 9681.73
200 112.418 10201.8
178.447 200 10960.4
0 85.378 9827.1
190.065 0 9682.14
200 107.652 9040.26
9.253 200 9769.5
0 71.176 10127.7
97.664 0 9330
200 179.921 9841.01
145.724 200 10801.9
0 115.666 11049
72.423 0 9473.1
200 115.3 10301.6
129.988 200 10248.1
0 103.77 9964.8
58.41 0 10575.5
200 45.59 10775.9
114.822 200 9254.16
0 3.163 10362.3
77.754 0 9734.7
200 116.571 9598.06
156.168 200 9519.87
0 168.776 9286.01
134.868 0 9948.92
200 146.34 10009.6
30.334 200 9919.87
0 58.954 9397.35
148.229 0 10428.9
200 184.314 9617.71
68.74 200 10365.7
0 60.612 10304.3
34.543 0 9492.6
200 170.775 10271.5
171.213 200 9505.03
0 31.509 9610.02
65.496 0 10362.1
200 118.616 10054.3
183.068 200 9723.12
0 12.897 10981
176.385 0 10052.5
200 146.173 10111
193.386 200 9193.63
0 189.547 10030.5
190.186 0 8894.24
200 44.787 9283.3
94.996 200 9609.47
0 112.826 10552
35.604 0 9660.21
200 54.318 9467.97
47.818 200 10587.4
0 78.26 9649.29
62.284 0 9731.23
200 49.579 9554.81
85.085 200 9682.24
0 78.648 10538.8
194.316 0 10143.1
200 168.729 9873.2
115.725 200 9413.45
0 198.872 9797.84
128.493 0 10850.1
200 8.979 10566.2
139.478 200 10742.7
0 75.927 10571.5
76.827 0 9952.83
200 113.75 10623.2
51.087 200 9984.98
0 93.818 9531.67
89.467 0 9508.65
200 13.323 9808.73
130.947 200 9860.09
0 107.937 9526.07
82.722 0 10702.9
200 41.622 10134.1
69.075 200 10079.1
0 177.928 10600.8
110.475 0 10641.6
200 90.373 9699.94
108.819 200 9407.63
0 87.377 9700.2
100.92 0 9356.65
200 4.622 10350.3
163.913 200 9885.7
0 196.433 10292.5
110.072 0 10200.3
200 81.351 9422.95
171.402 200 8807.07
0 134.431 9968.16
11.745 0 9682.7
200 55.979 10298.1
58.367 200 10675.4
0 45.225 10307.2
152.254 0 10002.1
200 13.906 9934.45
124.492 200 10199
0 52.072 9773.68
127.703 0 9321.7
200 120.607 9171.24
47.009 200 10354.9
0 189.223 9734.69
55.538 0 9836.95
200 128.803 9998.45
199.584 200 10119.2
0 61.313 9487.19
96.382 0 9623.55
200 48.844 9578.44
177.249 200 10436.8
0 155.516 10020.4
109.251 0 9419.64
200 133.402 9983.86
199.724 200 9496.88
0 8.217 10256.5
197.626 0 9676.94
