500 200 500 2000
15.115 60.052 1010.4
77.158 166.548 1018.96
28.844 80.077 1080.85
109.084 174.597 954.582
171.511 167.584 929.306
185.805 93.69 919.177
164.194 135.468 1014.87
74.353 82.851 971.943
164.562 92.706 961.704
9.157 13.176 980.671
190.673 93.157 908.315
126.976 178.329 999.213
33.593 81.818 1021.31
17.367 164.799 1011.98
28.885 128.732 1026.58
4.255 157.846 1002.72
166.947 131.081 966.764
192.047 117.06 983.879
94.992 15.845 1058.63
35.259 117.305 1000.5
127.837 164.321 976.143
13.201 30.263 1093.07
163.53 60.624 1071.2
5.819 38.056 1007.99
102.879 107.662 941.27
172.721 100.133 1001.24
69.399 8.412 927.026
79.42 135.611 1045.26
43.747 122.913 916.115
99.353 168.754 1055.67
143.934 182.35 998.586
95.479 78.954 946.922
82.659 165.961 1046.35
11.393 26.287 1016.62
99.072 56.933 996.398
177.263 19.647 1015.23
53.558 7.471 1074.7
9.37 63.783 963.48
90.225 59.966 1051.45
133.996 89.486 1040.03
24.793 167.951 962.704
28.734 18.719 873.433
129.295 18.024 963.378
146.081 62.354 993.993
126.49 94.319 911.091
152.147 92.471 980.006
67.462 54.951 1071.29
176.165 171.962 882.84
86.654 111.152 982.111
195.565 195.764 1026.39
75.083 90.278 989.269
139.116 90.51 983.459
146.377 132.487 1060.6
94.768 43.345 1004.65
101.129 65.248 1020.11
55.881 157.555 1035.11
127.023 123.085 955.186
190.147 100.639 1026.81
33.48 179.98 970.891
71.66 145.098 918.634
101.569 166.753 916.901
136.676 191.369 1060.03
9.085 130.356 1042.6
115.569 163.874 1067.92
67.575 118.913 1017.09
109.567 8.843 1077.35
121.726 195.394 925.772
110.398 69.982 1067.3
153.195 62.966 949.421
183.49 106.707 1054.27
2.757 110.318 1028.93
11.398 40.655 980.3
5.676 134.349 974.171
140.491 1.382 1031.96
24.922 189.934 984.158
138.481 141.232 1059.98
174.951 62.108 1000.93
66.312 147.047 921.957
66.926 48.768 991.246
171.014 103.079 1032.28
197.404 62.859 967.115
69.945 142.507 1071.93
72.082 22.441 1078.8
90.161 182.991 1014.59
139.509 33.264 954.792
91.022 110.344 984.319
98.306 116.441 936.366
28.956 176.19 996.787
31.46 106.585 1021.53
57.101 25.778 1015.5
128.601 105.107 981.116
75.532 129.897 1091.32
15.656 17.829 1056.96
173.715 105.309 940.906
168.175 26.006 980.733
197.065 184.509 1004.37
111.407 146.478 913.142
55.516 35.28 853.039
31.548 11.307 1018.55
5.69 156.163 980.377
9.319 165.889 1021.6
100.109 165.551 1059.91
45.35 15.309 1029.86
9.892 184.132 1036.7
193.502 148.694 912.562
6.314 135.874 963.062
137.554 129.727 910.775
134.653 167.766 1004.75
144.112 170.918 996.822
186.175 33.043 953.495
125.286 109.891 961.975
23.802 72.207 980.95
131.77 44.225 991.419
198.299 139.805 972.618
180.024 58.785 888.927
107.899 8.447 1003.61
5.814 174.376 1056.3
179.9 188.552 1004.96
95.523 146.242 977.249
103.34 73.166 969.366
192.788 139.147 1047.47
31.92 100.555 1026.53
43.32 53.412 919.246
62.759 87.179 1033.49
118.496 161.51 902.861
144.789 158.152 933.758
148.593 145.002 955.686
167.779 147.619 1007.5
23.951 141.239 914.115
18.734 144.04 1069.66
9.589 188.28 932.687
7.734 152.323 1044.22
79.53 160.057 980.627
149.133 62.932 1002.26
137.386 78.253 932.899
64.079 31.974 1066.63
122.975 71.678 945.983
53.06 114.968 913.934
160.244 95.954 999.908
111.443 198.081 966.072
13.907 68.709 1063.22
142.532 79.553 1024.33
99.758 131.813 995.439
59.258 47.77 991.448
18.345 149.16 948.235
62.094 158.136 964.337
143.726 140.13 959.777
17.378 10.272 986.281
167.692 23.486 979.565
31.744 151.134 1046.15
37.425 166.406 951.961
117.902 32.74 980.753
155.029 10.674 1029.78
148.127 67.025 1021.01
95.127 150.188 988.574
89.261 189.474 1074.46
71.183 198.819 905.591
113.532 42.637 993.152
26.102 18.869 937.679
170.153 183.922 1007.21
197.289 168.02 899.634
172.635 135.96 994.193
1.12 63.324 1011.99
180.676 174.454 1046.08
163.931 189.835 1007.47
17.174 141.497 990.296
23.596 158.911 982.275
38.698 177.718 1064.29
30.111 78.135 1032.42
61.714 43.807 993.24
140.602 4.137 945.683
192.98 87.836 1047.93
184.376 73.486 945.016
80.979 171.323 971.084
128.59 114.715 1061.79
51.041 11.056 1011.27
25.235 133.654 968.05
100.481 11.744 1043.91
51.511 165.194 1078.41
180.376 20.403 1027.6
43.718 27.802 1014.15
80.568 126.702 981.012
150.111 62.796 969.184
167.072 23.099 976.167
43.004 168.862 967.011
9.935 165.496 1006.53
70.352 178.421 891.837
77.051 104.949 980.064
71.736 195.399 954.351
122.081 135.361 889.997
186.805 31.828 901.977
104.934 125.596 923.492
2.176 199.571 999.99
129.872 76.292 996.54
86.233 40.128 972.96
84.456 0.878 974.116
119.552 148.921 1057.2
83.718 21.899 990.353
83.523 38.204 1014.69
53.692 111.309 1001.04
102.027 58.682 955.659
117.166 175.429 1042.6
110.139 172.543 956.521
0.788 165.191 990.769
53.903 12.708 981.679
113.05 0.184 1019.8
129.807 46.769 971.391
180.133 68.578 1001.12
113.804 50.785 918.118
29.068 29.842 969.606
113.465 181.093 1033.76
149.08 57.542 1050.83
42.306 66.277 1025.76
144.083 96.515 1001.37
52.886 6.002 1096.01
190.801 4.466 987.293
120.932 130.142 954.004
138.66 133.086 1077.36
182.536 154.414 990.485
129.77 52.246 1073.04
78.567 95.533 1016.72
60.737 109.441 1045.37
192.881 186.953 951.023
18.515 140.106 959.675
165.308 29.83 974.025
197.747 16.092 962.939
140.684 160.494 993.253
162.604 134.737 990.348
183.47 170.599 1013.71
22.525 191.583 1026.24
120.034 13.403 1044.4
50.578 138.33 951.224
92.969 79.685 1054.09
27.955 130.537 1010.56
60.107 150.301 948.601
48.809 87.387 903.868
45.601 65.739 1007.46
182.347 156.16 1006.07
25.132 4.321 907.894
44.156 198.557 980.267
78.954 116.029 925.738
187.252 144.281 1055.36
190.028 66.451 970.53
48.76 83.652 1054.53
135.525 174.8 1030.27
191.391 193.623 984.278
159.36 25.873 1025.23
173.942 82.948 903.15
90.874 131.002 1042.53
197.443 146.052 1075.48
61.062 133.525 1033.27
41.715 81.973 963.899
118.503 113.554 999.555
111.853 70.924 873.96
157.342 185.194 1090.33
96.049 183.186 1069.64
15.221 2.557 1026.49
43.507 11.819 1018.95
57.256 153.193 943.884
48.165 123.989 979.577
68.398 61.728 1025.49
101.905 98.204 1013.02
50.521 59.64 948.315
55.129 97.71 937.087
134.066 39.02 978.543
73.897 170.842 1029.58
62.526 98.306 1058.66
147.509 84.165 1092.4
74.992 52.796 974.356
88.018 83.652 1026.71
73.287 24.656 1024.06
157.88 62.456 1034.9
61.222 174.6 1010.15
98.209 10.291 1028.48
27.912 196.589 949.226
119.463 172.307 885.324
199.342 62.111 1002.1
48.941 117.224 952.241
128.057 96.553 929.759
186.065 76.783 1031.12
72.631 78.866 942.336
64.969 76.134 941.088
24.532 61.852 1018.43
156.024 26.505 1017.09
40.636 81.475 1006.24
0.844 54.173 1020.07
163.265 82.807 921.215
124.206 185.162 1002.94
71.584 81.92 1020.22
60.516 5.449 983.187
41.608 183.08 952.536
170.466 31.765 989.487
134.671 135.703 1035.18
80.858 71.067 1021.43
132.94 133.181 1016.78
111.893 84.849 999.562
185.618 39.462 1028.82
178.864 63.969 995.524
49.757 80.522 1049.21
92.985 93.83 1073.29
134.483 102.965 1029.31
136.973 56.104 1002.88
176.431 105.874 1034.63
119.288 25.365 1013.71
132.727 150.48 1090.31
98.508 120.116 1048.52
155.408 63.916 1009.3
17.228 131.078 862.972
148.458 82.743 1093.3
136.928 46.829 959.102
23.401 10.038 932.777
148.436 101.226 990.218
130.043 172.261 1043.72
184.604 197.491 1083.79
195.776 60.91 1013.18
110.037 72.671 1035.45
48.716 75.511 983.799
67.858 91.633 991.995
12.243 36.858 984.663
155.754 18.329 992.067
114.476 154.181 927.084
22.191 154.805 875.351
72.928 127.722 1010.66
79.875 142.815 1043.85
56.139 93.995 871.716
4.414 75.666 1105.64
173.48 44.413 1055.42
149.568 75.076 996.037
24.469 100.455 976.857
69.931 152.944 948.907
91.109 129.554 952.827
101.094 71.189 1009.16
39.064 124.407 975.411
184.641 118.171 922.669
149.112 27.13 1015.96
78.996 141.875 1070.84
105.628 192.53 1041.08
102.431 158.634 1048.37
4.848 56.365 1056.7
94.876 95.855 973.104
63.632 74.6 932.175
66.985 193.983 1107.04
112.418 137.358 1048.52
85.378 22.934 1004.85
58.081 190.065 889.324
63.295 9.253 1096.07
71.176 38.309 971.618
179.921 170.918 1142.86
5.809 10.126 975.816
1.626 150.278 1056.8
90.031 145.724 924.938
122.524 72.423 1103.94
115.3 154.541 1023.24
103.77 171.586 1051.37
95.62 58.41 972.85
122.639 114.822 932.124
3.163 51.713 980.758
116.571 48.192 1057.04
56.629 156.168 995.44
40.246 134.868 1067.41
146.34 1.353 941.895
58.954 133.549 1009.85
52.859 148.229 1004.75
45.377 68.74 1007.66
60.612 39.569 952.88
170.775 2.991 1026.09
27.908 179.844 977.236
134.965 171.213 977.237
31.509 151.261 965.278
118.616 9.38 944.443
117.782 183.068 1000.87
138.036 176.385 962.886
146.173 182.632 987.887
107.028 193.386 1019.01
189.547 70.594 1032.13
44.787 75.421 1000.29
54.894 94.996 906.24
155.945 35.604 1034.92
54.318 15.653 944.239
78.26 49.959 961.725
34.705 62.284 958.37
39.652 85.085 951.27
78.648 118.811 987.325
85.26 115.725 1012.77
198.872 145.335 1101.97
8.979 133.247 961.418
125.345 139.478 965.668
177.379 94.079 990.241
171.735 76.827 983.408
167.781 51.087 1139.63
93.818 54.338 978.916
13.323 44.183 912.879
23.697 130.947 1092.42
72.749 82.722 1018.15
41.622 149.57 988.553
177.928 133.712 1031.12
131.568 110.475 927.442
70.924 108.819 987.831
87.377 45.23 1004.21
4.622 55.917 883.244
7.764 183.859 996.416
182.996 163.913 987.491
196.433 149.837 1007.62
81.351 84.451 1055.02
92.478 171.402 981.741
90.981 11.745 1006.99
55.979 153.044 925.075
45.225 100.631 1042.13
190.994 152.254 1061.72
52.072 43.111 924.567
81.018 127.703 1073.96
59.219 47.009 1087.28
189.223 52.479 983.143
128.803 198.58 970.684
98.722 199.584 945.004
46.217 96.382 946.111
48.844 149.776 1026.13
155.516 196.744 983.752
36.592 28.67 1147.78
133.402 22.423 1040.11
97.511 199.724 996.799
140.434 82.769 963.116
23.696 174.947 959.076
178.872 44.211 1058.77
33.641 53.845 1017.43
164.259 19.695 1005.18
10.395 153.491 921.63
60.388 176.642 991.665
115.638 1.483 931.343
54.532 37.013 949.627
29.498 67.482 975.442
58.961 110.294 1034.69
85.643 149.844 1094.95
93.025 136.835 1018.72
1.45 40.927 997.674
192.785 86.317 987.1
188.716 63.986 948.393
92.242 102.835 1019.46
155.232 180.862 1115.85
176.698 178.694 1010.99
15.021 66.218 1019.51
147.068 107.814 1044.58
125.761 114.746 1099.79
154.357 10.881 1007.12
101.653 60.843 989.974
141.165 162.375 1039.95
118.232 91.827 942.463
114.234 36.191 935.43
150.881 7.934 936.049
128.812 21.654 1037.75
161.295 80.697 917.861
94.141 195.763 1016.96
140.604 27.4 987.397
38.074 59.131 1031.05
158.277 126.129 999.6
101.547 173.35 990.496
22.898 146.886 977.455
129.423 23.678 936.551
63.002 160.281 1074.53
10.436 124.925 1067.21
183.921 115.77 1016.59
162.295 156.497 999.46
106.94 49.112 988.245
87.619 5.231 1079.76
56.495 194.892 995.338
25.395 142.022 1049.43
70.067 28.298 1028.73
155.877 162.773 955.999
115.171 25.107 1000.62
16.212 190.707 1007.85
4.557 69.031 1023.37
40.178 90.366 928.127
41.468 113.335 946.059
81.929 40.366 960.342
142.174 100.213 855.088
103.925 81.414 923.292
162.927 143.898 1075.97
79.901 199.041 1079.17
76.489 134.925 930.658
57.823 102.481 1040.38
49.313 197.831 1020.65
12.602 190.817 991.436
121.996 59.595 969.246
140.548 143.492 1035.84
183.245 3.498 1020.04
136.436 100.182 970.341
95.832 96.102 1050.81
22.524 33.887 979.51
120.344 171.904 977.68
31.482 37.846 942.325
183.813 92.245 1032.29
174.98 146.897 996.791
170.947 128.866 944.557
12.264 73.26 1027.61
63.455 1.53 927.294
19.809 128.769 1011.89
18.618 12.35 1022.29
80.236 59.219 1028.56
130.555 96.651 880.837
115.102 182.556 1015.92
0 155.099 10137.6
113.633 0 9238.7
200 44.247 10233.2
29.31 200 10366
0 4.751 10684.5
101.446 0 10119.3
200 9.621 9992.58
157.574 200 10116.2
0 58.25 10235.2
113.091 0 9508.14
200 155.489 10163.9
172.842 200 9309.05
0 135.649 9365.04
37.863 0 9406.69
200 6.667 9639.17
118.852 200 9913.8
0 90.836 9813.91
113.213 0 10213.3
200 127.542 10250.4
133.07 200 10490.5
0 8.149 9021.4
179.126 0 10047.1
200 76.162 10484.1
176.332 200 10021.2
0 27.821 9987.2
8.59 0 9138.78
200 189.545 9521.8
104.336 200 9958.28
0 100.428 9618.19
114.389 0 9729.29
200 24.492 8909.13
193.462 200 10481
0 61.865 9291.41
101.087 0 10634.6
200 62.926 9754.69
143.102 200 11170.9
0 158.129 9780.34
98.734 0 10281.2
200 27.015 10405.7
156.863 200 10608.9
0 162.168 10180.6
123.31 0 9661.98
200 78.235 10838.1
50.329 200 10905.2
0 5.927 8897.49
93.782 0 9410.4
200 85.411 10327.3
80.809 200 10126.7
0 99.265 10672.8
48.889 0 9722.65
200 122.452 10159.4
90.508 200 9859.01
0 118.215 10580.3
96.214 0 10300.5
200 3.733 10006.4
173.946 200 9380.58
0 80.717 10258.7
69.75 0 9503.69
200 69.498 10229.5
35.57 200 10476.7
0 167.355 9795.97
67.774 0 10113.8
200 179.745 10297.6
58.12 200 11003.2
0 46.627 10142.3
127.03 0 10722.2
200 64.525 10319
115.382 200 9751.35
0 152.013 10492
64.466 0 10369.8
200 61.53 9142.95
145.707 200 10607.5
0 76.433 10022.7
181.313 0 10145
200 199.997 10090.1
138.295 200 9150.24
0 196.571 9708.23
188.541 0 10885.4
200 1.152 9946.58
43.385 200 9810.73
0 22.08 9475.61
172.191 0 9827.45
200 155.641 9117.88
148.733 200 10772.4
0 63.027 10684.7
75.732 0 9921.58
200 40.316 9993.18
31.691 200 9674.59
0 133.294 10188.3
68.582 0 10155.3
200 87.838 10683
46.886 200 9989.91
0 117.37 10570
92.054 0 9647.78
200 136.306 10063.7
86.227 200 9380.8
0 10.932 9909.7
131.395 0 10211
200 83.691 9077.55
183.196 200 10310.5
0 85.693 9358.18
40.661 0 8933.32
200 132.67 9906.62
67.432 200 10227
0 20.137 9715.89
99.175 0 9892.56
200 195.651 10967.1
70.131 200 10973.4
0 180.755 10324.3
182.498 0 10086
200 190.659 11214.5
126.315 200 9441.73
0 7.542 9831.6
147.087 0 9456.95
200 78.963 10356.8
167.77 200 10687.9
0 39.673 10530
111.129 0 9277.21
200 8.628 9854.5
10.288 200 10493
0 175.331 9813.63
180.32 0 10362.8
200 156.446 9481.37
140.695 200 9813.96
0 53.752 10486.9
150.617 0 9204.64
200 147.147 10361
181.301 200 8982.3
0 113.532 10373.5
101.788 0 10956.2
200 187.335 8964.34
123.233 200 10064.8
0 33.237 9834.3
96.523 0 9945.06
200 190.449 11012.7
57.4 200 9330.42
0 40.059 9641.61
7.844 0 9557.11
200 2.583 10051.1
113.491 200 8737.51
0 139.835 9624.51
60.9 0 10172
200 89.07 9347.68
2.995 200 9901.91
0 164.823 10474.5
14.551 0 10003.8
200 181.125 10291
165.173 200 10220.6
0 45.868 9703.93
92.959 0 9808.83
200 83.449 10291.2
113.453 200 10180.8
0 76.374 8883.62
23.214 0 9508.62
200 9.02 10492.2
79.467 200 9891.35
0 30.917 10241.8
197.459 0 10948.3
200 175.132 10318
61.055 200 9605.39
0 100.905 9721.22
189.796 0 10068.2
200 140.611 9991.96
91.709 200 9966.17
0 126.102 9217.69
82.216 0 10025.4
200 196.547 10259.6
28.538 200 10238.2
0 109.092 10397
188.805 0 10360.9
200 0.628 10432.6
27.779 200 9835.43
0 48.74 9972.56
21.82 0 9423.55
200 87.06 9503.49
144.306 200 9841.88
0 170.296 10044.7
47.248 0 10291.1
200 167.878 11306.1
27.803 200 10112.3
0 103.006 10942.4
21.293 0 9315.78
200 12.427 10002.8
73.641 200 9693.42
0 61.281 10070.8
88.471 0 10993.1
200 42.881 9950.98
98.022 200 9920.27
0 191.098 9612.68
190.134 0 10689.9
200 2.643 10251.9
92.061 200 10403.8
0 142.28 9863.92
133.366 0 9928.64
200 72.683 10108.7
101.84 200 9715.85
0 152.189 9965.24
181.264 0 10192.3
200 178.888 9541.66
126.72 200 10526
0 76.207 10129.4
11.489 0 10578.8
200 62.597 9962.74
19.452 200 10373.4
0 186.392 11484.9
47.188 0 9831.69
200 2.21 9749.81
184.816 200 9001.45
0 154.872 9741.12
165.837 0 10078.5
200 186.634 9993.04
7.883 200 9771.55
0 159.52 10135.2
69.143 0 9742.68
200 54.958 10243
121.169 200 10636.4
0 30.81 10092
36.037 0 9428.31
200 182.976 10343.6
163.906 200 10369.7
0 197.961 10167
11.297 0 10254.1
200 163.139 9969.61
59.602 200 10230.1
0 120.537 9415.83
176.4 0 10166.2
200 192.506 10785.1
3.972 200 10080.3
0 174.315 10468.3
39.554 0 9044.42
200 161.355 11169.4
121.749 200 10079.2
0 55.928 9713.32
39.427 0 9665.35
200 167.401 9841.13
175.1 200 10030.9
0 14.643 9739.42
40.513 0 9123.58
200 34.371 10126.2
187.223 200 9539.01
0 9.65 9802.14
169.488 0 9864.51
200 53.666 9453.87
86.533 200 9087.72
0 124.323 9390.87
26.375 0 10041.9
200 68.846 10957.2
182.784 200 10811.9
0 25.863 10185.8
61.089 0 10159.5
200 36.586 10246
103.794 200 9605.83
0 87.74 10033.1
149.867 0 10410.9
200 185.839 10526.4
159.222 200 9963.35
0 168.304 10708
163.06 0 10754.3
200 174.667 9693.97
189.167 200 10136.2
0 137.704 10126.6
91.377 0 9983.23
200 4.758 9594.06
17.291 200 10195.4
0 140.467 9774.67
106.719 0 9570.44
200 93.119 10331.2
69.337 200 9172.76
0 61.605 10249.8
96.962 0 10305.1
200 54.229 10162.1
124.768 200 10127.5
0 144.493 10236.5
59.481 0 9413.44
200 63.343 11109
88.529 200 10142.1
0 136.85 10590.8
1.692 0 9718.39
200 36.482 9590.28
175.134 200 10251.2
0 83.532 9918.31
48.077 0 9434.65
200 92.146 10622.9
32.962 200 10189.8
0 129.01 9701.66
120.679 0 9956.82
200 57.208 10216.4
73.597 200 10905.3
0 87.31 10019.6
109.599 0 9605.69
200 77.061 10952.7
65.541 200 10279.6
0 51.158 9386.32
148.632 0 9880.14
200 118.968 9895.65
62.806 200 10261.8
0 181.265 9680.43
123.747 0 9760.52
200 94.183 9817.82
35.143 200 10408.7
0 13.645 11020.7
87.748 0 10161.6
200 82.469 10022.7
56.895 200 9479.51
0 17.601 10033.6
61.559 0 10683.6
200 154.444 9810.67
139.506 200 10220.5
0 185.827 9654.22
175.247 0 9648.61
200 5.158 9508.3
60.01 200 10659.9
0 73.619 9474.54
165.946 0 10818.1
200 47.96 10165.5
108.063 200 9927.47
0 25.219 10360.6
152.347 0 10230
200 123.793 9738.33
194.036 200 9731.02
0 68.709 10830.6
77.104 0 9587.15
200 175.447 9902.48
128.579 200 9790.55
0 37.579 10181
3.527 0 10777.7
200 123.049 10232.6
197.591 200 9826.92
0 162.857 9767.43
117.349 0 10168.3
200 74.01 10497.5
132.128 200 9406.2
0 61.553 9869.77
121.752 0 10581.4
200 96.145 9689.25
124.458 200 9613.58
0 130.499 9668.74
195.361 0 9788.24
200 133.177 10312.1
55.116 200 10956.9
0 61.682 10103.8
174.89 0 10228.8
200 75.876 9823.49
68.016 200 10953.2
0 136.067 10391.1
43.207 0 10086.1
200 54.083 9544.13
32.679 200 9752.22
0 25.171 9638.56
159.05 0 10307.5
200 35.509 9547.79
25.397 200 11545.7
0 189.202 9940.85
141.473 0 9969.53
200 119.122 11276.5
147.129 200 10327.5
0 95.993 9920.45
167.918 0 9592.24
200 62.972 10096.2
92.774 200 10968.6
0 143.531 9356.94
9.676 0 9450.64
200 160.425 11037.8
80.808 200 9833.17
0 109.874 10243.2
133.949 0 10580.1
200 71.401 10513.2
64.512 200 9788.1
0 152.33 9714.19
162.273 0 9658.04
200 53.596 9944.91
11.479 200 10191.2
0 5.119 8891.56
155.371 0 9815.44
200 196.796 10311.2
96.328 200 9847.78
0 46.625 10388.9
136.105 0 9899.24
200 73.141 9652.42
158.925 200 9867.04
0 47.094 10148.7
194.026 0 10054.9
200 170.185 9203.03
191.007 200 9912.03
0 178.172 10629.6
102.606 0 10703
200 27.83 10534.4
154.961 200 9830.9
0 189.977 9899.72
109.233 0 9871.65
200 101.494 10396.3
104.435 200 10692.5
0 144.804 9511.88
59.693 0 9245.52
200 77.844 9988.47
106.106 200 9764.95
0 29.613 10548.6
33.85 0 9830.88
200 40.685 9366.67
197.756 200 9519.12
0 100.308 10173.4
162.519 0 10080.9
200 104.603 10971.1
70.95 200 9630.36
0 121.921 10082.2
66.638 0 9532.87
200 198.153 9960.6
129.858 200 9954.57
0 5.973 9711.71
85.972 0 9807.3
200 88.459 10100.4
75.772 200 9693.99
0 197.028 9511.51
18.092 0 9762.11
200 174.718 9795.8
85.458 200 10521.6
0 134.588 9514.09
1.005 0 9765.92
200 4.708 10664.9
71.507 200 10903.5
0 17.635 9874.41
10.211 0 10420.3
200 38.867 9494.81
163.954 200 9785.29
0 79.523 9691.2
170.637 0 10209.2
200 187.745 9607.49
157.12 200 9900.76
0 20.81 10434
68.064 0 9495.05
200 175.649 10452.2
51.663 200 10069.7
0 49.068 10415.8
31.425 0 9778.62
200 188.666 9923.66
16.561 200 10698.3
0 141.23 10574.1
125.786 0 10228.5
200 174.324 10721.5
185.725 200 9030.8
0 171.682 10454.3
63.024 0 9944.71
200 154.905 10403.5
174.03 200 10669.4
0 93.706 10283.4
102.064 0 9570.89
200 127.748 9935.38
27.229 200 10157.3
0 195.173 9972.87
66.575 0 10333.8
200 126.802 9664.8
168.243 200 11216.4
0 44.764 9821.65
146.174 0 10412.7
200 182.27 10789.7
63.259 200 9860.06
0 96.738 10879.1
73.581 0 10896.6
200 148.016 9787.43
72.138 200 10827.4
0 25.417 10414.7
131.304 0 9890.82
200 6.044 9984.18
34.348 200 10384.7
0 167.379 9928.65
193.746 0 10016
200 49.387 9440.03
152.184 200 10323
0 48.694 10065.8
19.058 0 10280.4
200 114.206 9594.15
116.103 200 10441.1
0 126.425 10002.8
121.638 0 11514.8
200 84.034 10254.5
20.984 200 9720.38
0 156.892 9947.45
191.445 0 9654.26
200 9.262 10191.8
129.604 200 9212.31
0 39.113 10449.5
148.912 0 10129.3
200 155.074 9688.11
17.548 200 9793.4
0 99.428 10255.9
67.788 0 9154.6
200 8.684 10761.6
142.055 200 10769.8
0 25.292 8968.35
142.919 0 9356.36
200 199.368 10419.4
57.83 200 9751.6
0 4.306 10467.1
194.503 0 10025.2
200 62.497 9137.45
168.154 200 9584.01
0 194.853 9972.6
180.239 0 10547
200 68.577 9474.85
188.504 200 10715.1
