53.030 97.967 0.026 0.026 1010.398
87.780 177.170 -0.004 -0.004 1018.962
44.255 95.488 0.180 0.180 1080.851
148.271 175.219 -0.245 -0.245 954.582
196.066 192.139 0.266 0.266 929.306
200.106 160.307 0.083 0.083 919.177
141.411 112.685 0.068 0.068 1014.868
56.926 65.424 -0.013 -0.013 971.943
173.822 101.966 -0.008 -0.008 961.704
-63.016 -63.230 -3.956 -3.956 980.671
193.908 153.281 -0.038 -0.038 908.315
163.940 191.375 0.203 0.203 999.213
53.864 102.089 0.030 0.030 1021.309
57.581 198.246 -0.050 -0.050 1011.975
35.144 134.991 -0.040 -0.040 1026.583
191.043 190.075 -0.027 -0.027 1002.721
177.012 141.146 -0.002 -0.002 966.764
184.391 158.376 0.021 0.021 983.879
145.843 66.696 0.031 0.031 1058.631
31.998 96.466 0.105 0.105 1000.501
137.934 174.418 -0.007 -0.007 976.143
73.839 90.901 0.001 0.001 1093.067
176.944 74.038 -0.000 -0.000 1071.204
144.026 176.263 0.007 0.007 1007.994
110.101 114.884 0.141 0.141 941.270
180.145 107.557 0.000 0.000 1001.241
168.492 107.505 -0.154 -0.154 927.026
81.569 137.760 0.003 0.003 1045.262
53.385 132.551 -0.001 -0.001 916.115
99.670 169.071 0.076 0.076 1055.667
138.057 137.861 0.270 0.270 998.586
98.283 81.758 0.041 0.041 946.922
94.331 177.633 0.000 0.000 1046.351
93.894 108.788 0.004 0.004 1016.616
104.267 62.128 0.008 0.008 996.398
199.374 58.445 -0.005 -0.005 1015.231
102.795 56.708 -0.034 -0.034 1074.698
85.277 139.690 0.014 0.014 963.480
97.826 67.567 0.030 0.030 1051.452
136.551 92.041 -0.005 -0.005 1040.031
48.413 181.713 -0.036 -0.036 962.704
52.065 42.050 0.018 0.018 873.433
168.543 57.272 0.007 0.007 963.378
142.695 58.968 -0.024 -0.024 993.993
124.475 92.304 0.003 0.003 911.091
180.716 121.040 0.182 0.182 980.006
75.921 63.410 -0.091 -0.091 1071.290
131.062 131.090 -2.177 -2.177 882.840
87.255 111.753 -0.002 -0.002 982.111
186.451 186.256 0.054 0.054 1026.388
78.335 93.530 -0.017 -0.017 989.269
144.713 96.107 0.003 0.003 983.459
154.048 140.158 0.044 0.044 1060.600
118.299 66.876 0.031 0.031 1004.646
107.124 71.243 0.002 0.002 1020.110
52.610 154.284 0.007 0.007 1035.108
131.528 127.590 -0.004 -0.004 955.186
199.020 131.521 0.003 0.003 1026.812
74.130 198.134 0.014 0.014 970.891
54.488 127.926 -0.026 -0.026 918.634
59.835 125.019 -0.487 -0.487 916.901
166.020 165.493 0.093 0.093 1060.029
98.284 200.162 0.048 0.048 1042.596
127.837 176.142 0.073 0.073 1067.919
73.462 124.800 -0.013 -0.013 1017.088
181.135 80.411 0.040 0.040 1077.354
192.217 192.263 0.285 0.285 925.772
99.560 59.144 0.025 0.025 1067.302
121.671 31.442 -0.042 -0.042 949.421
186.568 171.750 -0.126 -0.126 1054.274
173.080 173.300 2.295 2.295 1028.932
90.314 119.571 0.018 0.018 980.300
158.990 198.060 -0.034 -0.034 974.171
-168.186 -167.683 -5.450 -5.450 1031.965
88.299 190.200 -0.087 -0.087 984.158
193.385 193.232 0.060 0.060 1059.984
196.457 102.006 -0.054 -0.054 1000.927
72.621 153.356 -0.004 -0.004 921.957
68.765 50.607 0.019 0.019 991.246
176.195 108.260 0.001 0.001 1032.282
169.107 169.575 -3.206 -3.206 967.115
71.912 144.474 0.031 0.031 1071.929
91.690 42.049 -0.031 -0.031 1078.795
168.790 193.513 0.040 0.040 1014.593
165.677 59.432 0.010 0.010 954.792
95.174 114.496 -0.001 -0.001 984.319
100.448 118.583 0.002 0.002 936.366
47.977 195.211 -0.061 -0.061 996.787
45.893 121.018 0.029 0.029 1021.530
71.961 40.638 -0.006 -0.006 1015.502
128.944 105.450 -0.065 -0.065 981.116
74.332 128.697 -0.035 -0.035 1091.318
184.002 184.250 0.202 0.202 1056.958
182.018 113.612 -0.002 -0.002 940.906
177.326 35.157 0.017 0.017 980.733
239.816 240.231 2.567 2.567 1004.372
118.038 153.109 0.019 0.019 913.142
74.475 54.239 0.014 0.014 853.039
95.736 75.495 0.181 0.181 1018.546
158.679 201.878 0.096 0.096 980.377
1.197 75.956 0.015 0.015 1021.600
76.307 141.749 -0.156 -0.156 1059.911
86.389 56.348 -0.026 -0.026 1029.857
97.431 197.021 -0.045 -0.045 1036.703
152.376 152.227 -0.018 -0.018 912.562
147.843 200.545 0.036 0.036 963.062
137.779 129.952 -0.001 -0.001 910.775
142.605 175.718 -0.026 -0.026 1004.747
177.018 195.316 0.258 0.258 996.822
195.198 42.066 -0.033 -0.033 953.495
128.485 113.090 -0.007 -0.007 961.975
52.450 100.855 0.129 0.129 980.950
105.809 18.264 -0.213 -0.213 991.419
189.336 189.350 0.299 0.299 972.618
196.760 77.986 -0.040 -0.040 888.927
194.008 102.199 -0.073 -0.073 1003.614
136.824 197.477 0.143 0.143 1056.300
120.743 120.808 0.520 0.520 1004.955
104.736 155.455 0.192 0.192 977.249
81.102 50.928 0.023 0.023 969.366
182.230 182.497 -0.317 -0.317 1047.466
48.871 117.506 0.025 0.025 1026.527
61.568 71.660 -0.019 -0.019 919.246
66.762 91.182 0.002 0.002 1033.491
128.367 171.381 -0.020 -0.020 902.861
153.530 166.893 -0.004 -0.004 933.758
181.658 178.067 -0.143 -0.143 955.686
181.129 160.969 -0.001 -0.001 1007.498
22.124 139.412 -0.003 -0.003 914.115
23.295 148.601 -0.026 -0.026 1069.661
88.679 196.312 0.061 0.061 932.687
156.157 196.262 -0.025 -0.025 1044.224
90.559 171.086 0.003 0.003 980.627
56.945 2.371 0.030 0.030 1002.262
139.024 79.891 0.020 0.020 932.899
74.617 42.512 0.023 0.023 1066.626
59.269 7.972 0.006 0.006 945.983
98.253 160.161 0.011 0.011 913.934
169.688 105.398 -0.100 -0.100 999.908
177.252 177.501 0.145 0.145 966.072
56.924 111.726 0.016 0.016 1063.219
151.544 88.565 -0.143 -0.143 1024.331
104.228 136.283 0.049 0.049 995.439
76.715 76.504 2.089 2.089 991.448
60.894 191.709 0.024 0.024 948.235
50.316 146.358 -0.005 -0.005 964.337
149.855 146.259 0.323 0.323 959.777
90.746 83.640 0.017 0.017 986.281
60.852 0.390 -0.024 -0.024 979.565
33.550 46.305 -0.104 -0.104 1046.146
55.898 184.879 0.022 0.022 951.961
135.265 50.103 -0.046 -0.046 980.753
152.582 8.227 0.174 0.174 1029.776
150.766 69.664 -0.060 -0.060 1021.006
100.299 155.360 0.071 0.071 988.574
166.066 196.388 -0.026 -0.026 1074.459
107.349 107.608 2.822 2.822 905.591
124.846 53.951 0.002 0.002 993.152
92.527 85.294 0.056 0.056 937.679
38.552 38.945 -0.801 -0.801 1007.206
114.640 114.422 -0.727 -0.727 899.634
185.241 148.566 0.002 0.002 994.193
186.998 187.317 -0.112 -0.112 1011.992
141.631 141.733 1.034 1.034 1046.082
110.462 110.272 -0.145 -0.145 1007.467
37.558 161.881 0.016 0.016 990.296
56.547 191.862 0.047 0.047 982.275
73.946 197.118 -0.028 -0.028 1064.293
45.373 93.397 0.021 0.021 1032.425
87.139 69.232 0.020 0.020 993.240
196.138 173.823 -0.005 -0.005 945.683
190.905 175.157 -0.112 -0.112 1047.935
190.506 129.721 -0.065 -0.065 945.016
95.952 186.296 0.003 0.003 971.084
123.824 109.949 -0.112 -0.112 1061.785
88.512 48.527 -0.022 -0.022 1011.271
53.246 161.665 0.654 0.654 968.050
153.726 64.989 -0.011 -0.011 1043.914
74.984 188.667 0.018 0.018 1078.415
199.390 63.070 0.002 0.002 1027.604
63.223 47.307 0.011 0.011 1014.153
71.989 118.123 0.061 0.061 981.012
123.457 36.142 -0.071 -0.071 969.184
137.981 12.841 0.066 0.066 976.167
66.415 192.273 -0.084 -0.084 967.011
53.452 186.815 0.018 0.018 1006.534
132.882 199.196 0.050 0.050 891.837
81.438 109.336 -0.005 -0.005 980.064
73.216 73.504 -0.483 -0.483 954.351
125.762 139.042 -0.001 -0.001 889.997
198.120 65.025 -0.005 -0.005 901.977
109.631 130.293 0.001 0.001 923.492
179.101 179.369 0.248 0.248 999.990
137.412 83.832 0.156 0.156 996.540
89.623 43.518 0.015 0.015 972.960
205.357 205.575 0.525 0.525 974.116
126.756 156.125 -0.003 -0.003 1057.196
82.621 20.802 0.250 0.250 990.353
88.526 43.207 0.025 0.025 1014.694
58.198 115.815 -0.010 -0.010 1001.042
97.670 54.325 0.007 0.007 955.659
127.163 185.426 -0.003 -0.003 1042.596
159.865 190.948 -0.184 -0.184 956.521
40.929 40.949 -0.610 -0.610 990.769
88.018 46.823 -0.047 -0.047 981.679
82.309 82.043 2.731 2.731 1019.803
140.769 57.731 -0.032 -0.032 971.391
190.176 109.759 -0.050 -0.050 1001.120
113.115 50.096 0.081 0.081 918.118
167.895 168.202 0.090 0.090 969.606
161.861 197.759 -0.042 -0.042 1033.761
152.386 60.848 -0.049 -0.049 1050.825
74.044 98.015 -1.175 -1.175 1025.764
148.405 100.837 -0.008 -0.008 1001.367
128.684 81.800 0.032 0.032 1096.014
105.562 105.506 1.057 1.057 987.293
126.752 135.962 0.001 0.001 954.004
140.486 134.912 -0.000 -0.000 1077.364
182.329 154.207 0.252 0.252 990.485
144.943 67.419 -0.004 -0.004 1073.039
82.207 99.173 0.021 0.021 1016.721
34.285 82.989 -0.009 -0.009 1045.371
86.520 86.219 3.051 3.051 951.023
49.333 170.924 0.035 0.035 959.675
176.674 41.196 0.158 0.158 974.025
188.341 96.962 0.077 0.077 962.939
137.487 157.297 0.004 0.004 993.253
143.929 116.062 -0.000 -0.000 990.348
72.136 72.027 0.278 0.278 1013.706
146.581 191.243 -0.201 -0.201 1026.239
183.503 76.872 0.015 0.015 1044.403
60.165 147.917 0.001 0.001 951.224
93.276 79.992 -0.021 -0.021 1054.094
37.112 139.694 0.004 0.004 1010.563
62.618 152.812 0.000 0.000 948.601
71.522 110.100 0.207 0.207 903.868
54.076 74.214 -0.015 -0.015 1007.457
194.063 190.257 -0.151 -0.151 1006.072
151.169 130.358 0.046 0.046 907.894
59.236 59.022 2.201 2.201 980.267
71.235 108.310 0.026 0.026 925.738
164.319 164.742 -0.112 -0.112 1055.359
198.509 111.731 0.004 0.004 970.530
51.503 86.395 0.121 0.121 1054.529
160.274 195.551 -0.001 -0.001 1030.266
154.997 155.426 -0.142 -0.142 984.278
180.139 46.652 0.004 0.004 1025.232
188.567 97.573 -0.002 -0.002 903.150
92.971 133.099 0.008 0.008 1042.534
175.433 170.208 -0.003 -0.003 1075.483
43.843 116.306 0.047 0.047 1033.267
19.198 59.456 -0.086 -0.086 963.899
121.253 116.304 0.004 0.004 999.555
90.920 49.991 -0.066 -0.066 873.960
79.364 79.049 3.157 3.157 1090.334
152.449 196.152 -0.026 -0.026 1069.645
197.384 197.642 -0.409 -0.409 1026.487
100.278 68.590 -0.047 -0.047 1018.948
26.253 122.190 -0.052 -0.052 943.884
58.234 134.058 -0.017 -0.017 979.577
78.004 71.334 -0.052 -0.052 1025.493
104.955 101.254 -0.005 -0.005 1013.019
36.192 45.311 -0.481 -0.481 948.315
33.418 75.999 0.140 0.140 937.087
147.796 52.750 -0.002 -0.002 978.543
90.123 187.068 -0.002 -0.002 1029.577
43.159 78.939 -0.089 -0.089 1058.662
111.954 48.610 0.022 0.022 1092.399
89.261 67.065 -0.037 -0.037 974.356
91.240 86.874 0.002 0.002 1026.711
91.628 42.997 -0.011 -0.011 1024.059
162.606 67.182 0.001 0.001 1034.905
71.651 185.029 -0.031 -0.031 1010.146
154.423 66.505 0.009 0.009 1028.480
135.834 135.592 0.574 0.574 949.226
86.628 139.472 0.035 0.035 885.324
193.766 193.591 0.204 0.204 1002.095
57.182 125.465 -0.002 -0.002 952.241
114.026 82.522 -0.005 -0.005 929.759
160.282 160.385 -0.290 -0.290 1031.121
56.292 62.527 0.030 0.030 942.336
34.961 46.126 -0.047 -0.047 941.088
60.078 97.398 0.074 0.074 1018.432
179.408 49.889 0.003 0.003 1017.090
46.524 87.363 0.006 0.006 1006.239
179.455 179.994 -0.012 -0.012 1020.073
170.826 90.368 -0.017 -0.017 921.215
173.254 171.352 -0.397 -0.397 1002.940
68.043 78.379 -0.525 -0.525 1020.215
197.695 144.650 -0.036 -0.036 983.187
89.898 195.905 0.001 0.001 952.536
188.493 49.792 -0.038 -0.038 989.487
189.190 189.621 -0.104 -0.104 1035.179
87.764 77.973 0.123 0.123 1021.430
189.070 188.575 0.005 0.005 1016.782
116.364 89.320 0.001 0.001 999.562
198.897 86.724 -0.004 -0.004 1028.816
196.063 103.180 0.095 0.095 995.524
50.932 81.697 0.034 0.034 1049.208
194.800 195.172 0.008 0.008 1073.289
137.831 106.313 -0.000 -0.000 1029.307
136.567 55.698 0.032 0.032 1002.885
184.966 114.409 -0.004 -0.004 1034.626
141.393 47.470 0.013 0.013 1013.713
141.513 159.266 0.018 0.018 1090.306
101.086 122.694 -0.000 -0.000 1048.515
157.566 66.074 -0.039 -0.039 1009.298
59.404 173.254 0.046 0.046 862.972
147.392 81.677 0.069 0.069 1093.295
119.462 29.363 0.102 0.102 959.102
99.473 86.110 0.043 0.043 932.777
154.805 107.595 0.002 0.002 990.218
141.904 184.122 -0.031 -0.031 1043.716
90.007 90.229 -0.817 -0.817 1083.790
198.584 164.705 0.026 0.026 1013.181
104.120 66.754 0.001 0.001 1035.448
65.519 92.314 -0.070 -0.070 983.799
71.888 95.663 0.003 0.003 991.995
66.265 90.880 0.057 0.057 984.663
200.719 91.692 0.025 0.025 992.067
13.221 27.122 -0.190 -0.190 927.084
46.803 179.417 -0.106 -0.106 875.351
64.785 119.579 0.072 0.072 1010.662
39.150 63.200 -0.006 -0.006 1043.854
8.504 46.360 0.062 0.062 871.716
128.789 129.335 0.225 0.225 1105.645
196.004 66.937 0.001 0.001 1055.421
158.774 84.282 0.002 0.002 996.037
48.284 124.270 -0.078 -0.078 976.857
77.694 160.707 -0.001 -0.001 948.907
51.369 89.814 0.169 0.169 952.827
86.181 56.276 -0.002 -0.002 1009.161
50.809 136.152 0.003 0.003 975.411
36.422 36.311 -1.283 -1.283 922.669
172.582 50.600 -0.007 -0.007 1015.957
98.042 160.921 -0.019 -0.019 1070.837
122.059 187.240 -0.094 -0.094 1041.077
111.598 167.801 -0.003 -0.003 1048.366
138.336 138.087 -0.009 -0.009 1056.700
196.501 196.898 -0.050 -0.050 973.104
31.373 42.341 -0.166 -0.166 932.175
194.114 194.361 0.187 0.187 1107.042
120.008 144.948 0.001 0.001 1048.518
96.247 33.803 -0.004 -0.004 1004.854
176.494 176.501 0.391 0.391 889.324
133.021 78.979 -0.049 -0.049 1096.070
76.000 43.133 -0.029 -0.029 971.618
190.182 190.246 -0.093 -0.093 1142.857
198.529 198.568 0.095 0.095 975.816
182.428 182.469 0.111 0.111 1056.797
98.547 154.240 0.037 0.037 924.938
75.968 25.867 0.066 0.066 1103.940
117.337 156.578 0.029 0.029 1023.235
103.690 171.506 0.007 0.007 1051.370
89.099 51.889 0.042 0.042 972.850
119.514 111.697 0.001 0.001 932.124
147.751 147.792 -0.030 -0.030 980.758
126.112 57.733 0.001 0.001 1057.042
36.618 136.157 0.011 0.011 995.440
54.486 149.108 0.050 0.050 1067.410
147.107 147.154 -0.099 -0.099 941.895
52.714 127.309 0.030 0.030 1009.846
52.030 147.400 0.024 0.024 1004.745
44.527 67.890 -0.003 -0.003 1007.658
74.907 53.864 -0.090 -0.090 952.880
161.691 161.737 0.492 0.492 1026.088
97.992 192.872 -0.087 -0.087 977.236
142.099 178.347 -0.102 -0.102 977.237
72.583 144.966 -1.095 -1.095 965.278
185.662 76.426 0.080 0.080 944.443
104.659 169.945 -0.033 -0.033 1000.867
145.335 183.684 0.005 0.005 962.886
129.060 128.966 0.227 0.227 987.887
56.539 56.108 4.328 4.328 1019.010
191.702 192.230 -0.144 -0.144 1032.131
70.345 100.979 -0.055 -0.055 1000.288
68.939 109.041 0.093 0.093 906.240
176.131 55.790 0.002 0.002 1034.919
104.420 65.755 0.034 0.034 944.239
89.380 61.079 0.010 0.010 961.725
46.541 74.120 0.036 0.036 958.370
32.609 78.042 -0.020 -0.020 951.270
96.951 137.114 -0.151 -0.151 987.325
88.890 119.355 -0.043 -0.043 1012.775
185.519 183.700 0.094 0.094 1101.967
60.409 184.677 0.010 0.010 961.418
132.135 146.268 -0.001 -0.001 965.668
195.417 185.891 0.067 0.067 990.241
188.028 93.120 -0.003 -0.003 983.408
187.426 70.732 -0.001 -0.001 1139.626
86.918 47.438 0.041 0.041 978.916
89.001 119.861 0.095 0.095 912.879
58.742 165.992 0.037 0.037 1092.419
41.013 50.986 -0.091 -0.091 1018.150
47.469 155.417 -0.058 -0.058 988.553
199.213 175.941 -0.065 -0.065 1031.122
126.462 105.369 -0.037 -0.037 927.442
95.142 133.037 -0.017 -0.017 987.831
90.745 48.598 -0.008 -0.008 1004.211
10.693 40.964 0.387 0.387 883.244
89.464 195.433 -0.078 -0.078 996.416
141.707 141.362 0.059 0.059 987.491
98.703 98.279 -0.697 -0.697 1007.617
185.534 185.563 0.162 0.162 1055.019
106.381 185.305 -0.002 -0.002 981.741
157.843 78.607 -0.100 -0.100 1006.994
43.013 140.078 -0.018 -0.018 925.075
50.034 105.440 0.054 0.054 1042.133
199.738 200.059 0.043 0.043 1061.716
59.552 50.591 -0.111 -0.111 924.567
74.092 120.777 -0.027 -0.027 1073.965
190.506 190.519 -0.074 -0.074 1087.283
198.024 143.263 0.003 0.003 983.143
188.182 188.251 -0.246 -0.246 970.684
100.802 134.922 -0.165 -0.165 945.004
49.393 99.558 -0.112 -0.112 946.111
56.717 157.649 -0.026 -0.026 1026.127
67.974 67.588 2.453 2.453 983.752
78.148 70.226 -0.002 -0.002 1147.781
154.744 43.765 0.040 0.040 1040.109
187.976 187.994 -0.134 -0.134 996.799
143.426 85.761 -0.076 -0.076 963.116
56.872 197.692 -0.015 -0.015 959.076
200.118 91.343 0.067 0.067 1058.774
48.679 68.883 -0.029 -0.029 1017.426
190.189 45.625 0.008 0.008 1005.180
103.599 199.272 -0.063 -0.063 921.630
85.641 186.192 0.095 0.095 991.665
58.130 58.142 1.164 1.164 931.343
54.910 37.391 -0.007 -0.007 949.627
55.385 93.369 -0.105 -0.105 975.442
48.912 100.245 0.050 0.050 1034.691
112.806 177.007 -0.052 -0.052 1094.953
98.538 142.348 0.002 0.002 1018.721
110.252 110.257 -1.125 -1.125 997.674
197.813 140.432 -0.029 -0.029 987.100
198.603 126.569 -0.018 -0.018 948.393
95.863 106.456 0.000 0.000 1019.459
199.844 199.473 -0.026 -0.026 1115.851
177.623 177.637 -0.191 -0.191 1010.985
9.978 44.360 0.083 0.083 1019.514
153.346 114.092 0.001 0.001 1044.583
126.936 115.921 0.085 0.085 1099.792
101.986 10.118 -0.210 -0.210 1007.124
92.097 51.287 -0.056 -0.056 989.974
143.623 164.833 0.007 0.007 1039.951
123.581 97.176 -0.001 -0.001 942.463
126.480 48.437 0.079 0.079 935.430
192.360 146.510 0.189 0.189 936.049
133.802 26.644 0.029 0.029 1037.747
174.022 93.424 0.020 0.020 917.861
179.030 179.043 0.633 0.633 1016.963
175.251 62.047 -0.085 -0.085 987.397
55.316 76.373 -0.055 -0.055 1031.048
166.658 134.510 0.000 0.000 999.600
110.607 182.410 -0.079 -0.079 990.496
36.712 160.700 -0.037 -0.037 977.455
153.542 47.797 -0.000 -0.000 936.551
61.627 158.906 0.014 0.014 1074.526
83.438 197.927 -0.022 -0.022 1067.212
195.455 176.221 -0.052 -0.052 1016.587
190.587 184.789 0.032 0.032 999.460
119.134 61.306 0.052 0.052 988.245
194.299 133.607 0.150 0.150 1079.762
195.830 198.449 0.128 0.128 995.338
26.932 143.559 -0.021 -0.021 1049.428
88.096 46.327 0.031 0.031 1028.731
170.302 177.198 -0.002 -0.002 955.999
138.497 48.433 -0.049 -0.049 1000.621
99.075 197.827 -0.058 -0.058 1007.846
126.240 190.714 0.010 0.010 1023.368
35.668 85.856 -0.067 -0.067 928.127
36.578 108.445 0.177 0.177 946.059
99.362 57.799 -0.003 -0.003 960.342
144.970 103.009 -0.002 -0.002 855.088
110.199 87.688 -0.049 -0.049 923.292
172.066 153.037 0.000 0.000 1075.967
195.872 195.899 0.050 0.050 1079.170
71.983 130.419 0.006 0.006 930.658
71.521 116.179 0.080 0.080 1040.379
158.889 158.898 0.667 0.667 1020.653
163.145 188.191 0.110 0.110 991.436
132.767 70.366 -0.000 -0.000 969.246
197.243 197.303 -0.595 -0.595 1035.836
198.919 198.956 -0.004 -0.004 1020.036
139.192 102.938 0.006 0.006 970.341
198.235 198.276 0.180 0.180 1050.810
78.108 89.471 -0.640 -0.640 979.510
106.714 158.274 -0.019 -0.019 977.680
70.996 77.360 0.004 0.004 942.325
185.313 161.134 0.091 0.091 1032.291
195.836 195.843 0.264 0.264 996.791
182.648 158.218 -0.144 -0.144 944.557
84.240 145.236 -0.088 -0.088 1027.611
195.001 195.005 0.236 0.236 927.294
61.050 170.010 0.089 0.089 1011.892
79.303 73.035 -0.027 -0.027 1022.291
75.760 54.743 -0.014 -0.014 1028.564
126.109 92.205 0.035 0.035 880.837
115.194 182.648 -0.021 -0.021 1015.919
